% This is a graph.

n 20 300 0
n 200 300 1
n 200 200 2
n 200 400 3
n 380 300 4
n 380 200 5
n 380 400 6
n 380 100 7
n 380 500 8
n 560 300 9
n 560 200 10
n 560 400 11
n 560 100 12

e 10 4 0 2
e 10 9 1 4
e 10 7 2 1
e 10 12 3 6
e 10 5 4 1
e 4 10 5 0
e 4 1 6 2
e 1 4 7 0
e 1 0 8 4
e 1 6 9 0
e 1 5 10 2
e 0 1 11 0
e 0 3 12 0
e 0 2 13 0
e 9 10 14 0
e 9 11 15 2
e 9 6 16 2
e 11 9 17 0
e 11 8 18 2
e 8 11 19 0
e 8 3 20 2
e 3 8 21 0
e 3 6 22 2
e 3 0 23 2
e 6 3 24 0
e 6 1 25 2
e 6 9 26 0
e 7 10 27 0
e 7 5 28 1
e 7 12 29 2
e 2 0 30 2
e 2 5 31 0
e 5 7 32 0
e 5 10 33 0
e 5 2 34 2
e 5 1 35 0

% End of graph
